latitude: -7.3828181
longitude: 109.3211119
timeZone: +7
methode: egypt 
fajrAngle: 20
ishaAngle: 18
